initial: 6
0.00000 0.10526 0.11992 0.21703 0.00000 0.55779

transition: 6
0.20963 0.19926 0.59074 0.00000 0.00000 0.00037
0.00000 0.30159 0.49488 0.00000 0.00000 0.20353
0.46428 0.00507 0.19332 0.33733 0.00000 0.00000
0.17712 0.00000 0.00288 0.58194 0.00000 0.23806
0.00000 0.10057 0.00000 0.00000 0.48851 0.41091
0.39225 0.00000 0.00000 0.00000 0.29633 0.31142

observation: 6
0.53552 0.63983 0.30387 0.09643 0.00000 0.10251
0.00057 0.00068 0.39364 0.10385 0.08041 0.09238
0.00000 0.35949 0.21365 0.19205 0.09128 0.29590
0.46392 0.00000 0.08885 0.00000 0.00067 0.41169
0.00000 0.00000 0.00000 0.60767 0.00000 0.09752
0.00000 0.00000 0.00000 0.00000 0.82764 0.00000
