initial: 6
0.57716 0.42284 0.00000 0.00000 0.00000 0.00000

transition: 6
0.26405 0.55363 0.00204 0.18028 0.00000 0.00000
0.00000 0.53932 0.18775 0.00000 0.00000 0.27293
0.00000 0.00000 0.20011 0.79910 0.00000 0.00079
0.00000 0.00262 0.00420 0.31160 0.48305 0.19853
0.00000 0.00000 0.00000 0.00000 0.49574 0.50426
0.59155 0.00000 0.21274 0.19572 0.00000 0.00000

observation: 6
0.00000 0.29254 0.00000 0.09037 0.31173 0.11828
0.12129 0.39438 0.00000 0.09666 0.00000 0.10928
0.40961 0.20708 0.48485 0.30952 0.29714 0.00000
0.46910 0.10601 0.51515 0.40223 0.00000 0.00000
0.00000 0.00000 0.00000 0.10122 0.00000 0.77244
0.00000 0.00000 0.00000 0.00000 0.39114 0.00000
