initial: 6
0.78863 0.00000 0.08497 0.12640 0.00000 0.00000

transition: 6
0.31591 0.00726 0.50124 0.00000 0.00000 0.17559
0.20661 0.20766 0.58541 0.00000 0.00000 0.00032
0.00186 0.47868 0.19249 0.32697 0.00000 0.00000
0.00000 0.16749 0.00456 0.57933 0.00000 0.24862
0.11258 0.00000 0.00000 0.00000 0.46671 0.42072
0.00049 0.39055 0.00000 0.00000 0.29569 0.31327

observation: 6
0.66359 0.52251 0.28955 0.09537 0.00000 0.09240
0.00076 0.00000 0.41025 0.10261 0.09772 0.08734
0.33565 0.00000 0.20645 0.20133 0.08800 0.29658
0.00000 0.47749 0.09374 0.00000 0.00000 0.42539
0.00000 0.00000 0.00000 0.60069 0.00000 0.09829
0.00000 0.00000 0.00000 0.00000 0.81428 0.00000
