initial: 6
0.71258 0.00000 0.09292 0.19450 0.00000 0.00000

transition: 6
0.26513 0.00000 0.62874 0.00000 0.00000 0.10612
0.00100 0.20767 0.79133 0.00000 0.00000 0.00000
0.00000 0.46723 0.20897 0.32381 0.00000 0.00000
0.00000 0.18961 0.00082 0.58984 0.00000 0.21973
0.12479 0.00000 0.00000 0.00000 0.41342 0.46179
0.00000 0.41773 0.00000 0.00000 0.26423 0.31804

observation: 6
0.99983 0.51555 0.31078 0.08542 0.00000 0.10996
0.00000 0.00000 0.37968 0.07296 0.07845 0.09709
0.00017 0.00365 0.20732 0.84162 0.07051 0.31058
0.00000 0.48081 0.10223 0.00001 0.00000 0.38953
0.00000 0.00000 0.00000 0.00000 0.00000 0.09284
0.00000 0.00000 0.00000 0.00000 0.85104 0.00000
