initial: 6
0.72701 0.00000 0.09474 0.17825 0.00000 0.00000

transition: 6
0.30943 0.00076 0.51843 0.00010 0.00000 0.17128
0.00118 0.20012 0.79798 0.00072 0.00000 0.00000
0.00035 0.49863 0.19939 0.30162 0.00000 0.00000
0.00000 0.19670 0.00001 0.59720 0.00000 0.20609
0.10922 0.00000 0.00000 0.00000 0.49248 0.39831
0.00002 0.40304 0.00000 0.00000 0.29430 0.30265

observation: 6
0.99697 0.50238 0.30226 0.09535 0.00010 0.10323
0.00129 0.00007 0.39638 0.09447 0.10042 0.10261
0.00174 0.00223 0.19996 0.81018 0.08729 0.30937
0.00000 0.49532 0.10140 0.00000 0.00457 0.38804
0.00000 0.00000 0.00000 0.00000 0.00209 0.09675
0.00000 0.00000 0.00000 0.00000 0.80553 0.00000
