initial: 6
0.51278 0.48722 0.00000 0.00000 0.00000 0.00000

transition: 6
0.28303 0.52431 0.00455 0.18798 0.00000 0.00013
0.00054 0.50043 0.19925 0.00000 0.00000 0.29978
0.00180 0.00010 0.19039 0.80395 0.00000 0.00376
0.00024 0.00146 0.00519 0.28927 0.50278 0.20107
0.00000 0.00000 0.00000 0.00000 0.49971 0.50029
0.60592 0.00000 0.20001 0.19407 0.00000 0.00000

observation: 6
0.00000 0.30416 0.00024 0.09613 0.30000 0.10039
0.10226 0.40000 0.00000 0.10245 0.00000 0.09994
0.40601 0.19617 0.49060 0.30221 0.29576 0.00000
0.49173 0.09966 0.50886 0.39935 0.00000 0.00000
0.00000 0.00000 0.00030 0.09986 0.00000 0.79967
0.00000 0.00000 0.00000 0.00000 0.40424 0.00000
