initial: 6
0.74103 0.00296 0.08984 0.16617 0.00000 0.00000

transition: 6
0.29902 0.00760 0.50782 0.00029 0.00000 0.18526
0.20082 0.20385 0.59501 0.00000 0.00030 0.00001
0.00230 0.49749 0.19906 0.30112 0.00000 0.00003
0.00001 0.19554 0.00056 0.59898 0.00000 0.20491
0.11587 0.00000 0.00000 0.00000 0.49766 0.38647
0.00019 0.40240 0.00000 0.00000 0.29891 0.29851

observation: 6
0.69190 0.50426 0.30365 0.10003 0.00003 0.09701
0.00136 0.00059 0.39608 0.09907 0.09816 0.09560
0.30674 0.00022 0.20144 0.19960 0.09415 0.29987
0.00000 0.49492 0.09876 0.00000 0.00185 0.40999
0.00000 0.00000 0.00007 0.60130 0.00282 0.09752
0.00000 0.00000 0.00000 0.00000 0.80299 0.00000
