initial: 6
0.00000 0.10274 0.10129 0.21637 0.00000 0.57960

transition: 6
0.20669 0.20295 0.59035 0.00000 0.00001 0.00000
0.00987 0.28779 0.51443 0.00011 0.00000 0.18779
0.49888 0.00540 0.19466 0.30105 0.00000 0.00000
0.19600 0.00005 0.00107 0.59816 0.00000 0.20473
0.00000 0.10927 0.00000 0.00000 0.50344 0.38729
0.40618 0.00001 0.00000 0.00000 0.29601 0.29780

observation: 6
0.50238 0.69397 0.30325 0.10153 0.00000 0.10177
0.00166 0.00164 0.39713 0.09986 0.09720 0.09605
0.00000 0.30377 0.20050 0.20024 0.09429 0.29973
0.49596 0.00062 0.09902 0.00000 0.00390 0.40503
0.00000 0.00000 0.00010 0.59837 0.00172 0.09743
0.00000 0.00000 0.00000 0.00000 0.80288 0.00000
